0.1 1 836.898
0.1 0.5 845.286
0.1 0.25 849.81
0.1 0.125 850.827
0.1 0.0625 851.427
0.1 0.03125 851.829
0.1 0.015625 851.954
0.05 1 768.479
0.05 0.5 805.334
0.05 0.25 824.461
0.05 0.125 837.189
0.05 0.0625 843.719
0.05 0.03125 845.271
0.05 0.015625 845.857
0.025 1 539.739
0.025 0.5 689.854
0.025 0.25 763.832
0.025 0.125 802.053
0.025 0.0625 821.847
0.025 0.03125 835.069
0.025 0.015625 840.76
0.0125 1 19.8077
0.0125 0.5 148.043
0.0125 0.25 536.48
0.0125 0.125 689.369
0.0125 0.0625 764.222
0.0125 0.03125 802.341
0.0125 0.015625 822.782
0.00625 1 2.91573e-05
0.00625 0.5 1.34312
0.00625 0.25 30.48